01001099999,2025,1,24.95862068965517
01001499999,2025,4,54.45
01001499999,2025,5,50.142857142857146
01001499999,2025,7,64.85
01002099999,2025,7,37.2
01001099999,2025,2,30.011111111111113
01001099999,2025,3,24.958064516129035
01001099999,2025,5,35.36
01001499999,2025,2,43.22222222222222
01001499999,2025,8,58.190909090909095
01002099999,2025,3,13.362499999999999
01002099999,2025,4,4.025
01002099999,2025,5,25.336363636363636
01002099999,2025,6,33.2
01002099999,2025,8,40.36666666666667
01001099999,2025,4,28.686206896551727
01001099999,2025,6,39.306666666666665
01001099999,2025,7,45.527272727272724
01001099999,2025,8,46.31818181818181
01001499999,2025,1,38.771428571428565
01001499999,2025,3,45.388888888888886
01001499999,2025,6,57.34444444444445
01002099999,2025,1,14.183333333333332
01002099999,2025,2,16.728571428571428
